105
formicivorus01         0.0000000 0.2880998 0.2843465 0.2913104 0.2811224 0.2875388 0.2866730 0.2886011 0.2670337 0.2627136 0.2647491 0.2649278 0.2627595 0.2636288 0.2789651 0.2792225 0.2798839 0.2771715 0.2776364 0.2791023 0.2770984 0.2762545 0.2791682 0.2781196 0.2776006 0.2782421 0.2762662 0.2789533 0.2779195 0.2797987 0.2779728 0.2769712 0.2779940 0.2769522 0.2788707 0.2776906 0.2804789 0.2799924 0.2681352 0.2788955 0.2793342 0.2790951 0.2800972 0.2801449 0.2802906 0.2815615 0.2799389 0.2803404 0.2814019 0.2790084 0.2837205 0.2798107 0.2807639 0.2795105 0.2806603 0.2815336 0.2788910 0.2810919 0.2808312 0.2806140 0.2804946 0.2677257 0.2774460 0.2762329 0.2787297 0.2776751 0.2785570 0.2770363 0.2765383 0.2741537 0.2771452 0.2773456 0.2753897 0.2753521 0.2720757 0.2733066 0.2744708 0.2742025 0.2758230 0.2761017 0.2745219 0.2711103 0.2718737 0.2693738 0.2701800 0.2717841 0.2699330 0.2685797 0.2702417 0.2725687 0.2734536 0.2717218 0.2717536 0.2723304 0.2727257 0.2726278 0.2736315 0.2664351 0.2703579 0.2712526 0.2734548 0.2714058 0.2771036 0.2817074 0.2805092 
pucherani01            0.2880998 0.0000000 0.0100256 0.1459601 0.1376518 0.1460059 0.1459044 0.1477330 0.1276846 0.1254226 0.1264611 0.1264914 0.1235269 0.1252608 0.1393003 0.1417582 0.1401342 0.1374886 0.1391949 0.1403999 0.1382410 0.1363972 0.1398101 0.1388516 0.1387005 0.1390034 0.1374618 0.1398133 0.1387110 0.1407861 0.1382610 0.1385117 0.1388491 0.1375833 0.1397262 0.1382964 0.1414629 0.1410671 0.1303897 0.1386967 0.1405616 0.1402107 0.1408256 0.1418299 0.1409663 0.1408099 0.1414877 0.1412946 0.1415688 0.1421306 0.1453105 0.1405304 0.1414501 0.1405730 0.1412539 0.1420905 0.1395764 0.1407186 0.1406230 0.1418186 0.1413322 0.1299096 0.1385117 0.1378268 0.1391100 0.1384709 0.1395982 0.1380824 0.1378928 0.1358471 0.1388843 0.1384386 0.1393274 0.1358906 0.1336349 0.1351229 0.1354272 0.1364419 0.1371964 0.1360139 0.1358896 0.1325747 0.1339231 0.1304909 0.1312191 0.1325258 0.1316659 0.1321356 0.1312914 0.1341259 0.1345108 0.1336578 0.1324996 0.1326339 0.1335483 0.1314936 0.1299720 0.1255063 0.1275655 0.1301838 0.1326472 0.1287476 0.1316376 0.1396764 0.1362542 
pucherani02            0.2843465 0.0100256 0.0000000 0.1452195 0.1366508 0.1437119 0.1434005 0.1451627 0.1241900 0.1233240 0.1235871 0.1237272 0.1209772 0.1216780 0.1367272 0.1395911 0.1381125 0.1353557 0.1372118 0.1382773 0.1364585 0.1348144 0.1378957 0.1373943 0.1367490 0.1367676 0.1354198 0.1372929 0.1366205 0.1386201 0.1363313 0.1359947 0.1370474 0.1356129 0.1378623 0.1362185 0.1396953 0.1393095 0.1284121 0.1366183 0.1385745 0.1381301 0.1389848 0.1397478 0.1393327 0.1389872 0.1395985 0.1396847 0.1396018 0.1397256 0.1426654 0.1384865 0.1394579 0.1385439 0.1392195 0.1400889 0.1373160 0.1390135 0.1387956 0.1398255 0.1393761 0.1278496 0.1367200 0.1355084 0.1373186 0.1368311 0.1376541 0.1357498 0.1360490 0.1337528 0.1366394 0.1366259 0.1364073 0.1347045 0.1318212 0.1335131 0.1336970 0.1344108 0.1349032 0.1347902 0.1339481 0.1307199 0.1322604 0.1284844 0.1289272 0.1305554 0.1294697 0.1296959 0.1294257 0.1321352 0.1330062 0.1319988 0.1308592 0.1303062 0.1314458 0.1297579 0.1276411 0.1227764 0.1253212 0.1273692 0.1301753 0.1267978 0.1282634 0.1359379 0.1332139 
chrysogenys01          0.2913104 0.1459601 0.1452195 0.0000000 0.0104724 0.0873854 0.0879033 0.0874549 0.0831555 0.0808392 0.0827807 0.0827035 0.0806434 0.0805085 0.0768946 0.0777225 0.0766412 0.0757993 0.0766752 0.0779536 0.0751724 0.0747583 0.0770040 0.0770604 0.0763497 0.0769139 0.0749295 0.0774963 0.0770141 0.0778596 0.0756992 0.0761810 0.0765003 0.0765146 0.0772316 0.0768708 0.0805273 0.0802904 0.0685353 0.0775797 0.0792041 0.0792529 0.0798633 0.0799741 0.0795788 0.0793313 0.0795972 0.0797302 0.0792905 0.0798103 0.0826007 0.0792210 0.0800930 0.0791538 0.0797889 0.0800943 0.0787209 0.0789173 0.0802964 0.0795638 0.0790094 0.0685050 0.0757166 0.0761414 0.0770314 0.0765067 0.0770222 0.0759195 0.0753187 0.0734085 0.0758160 0.0760502 0.0754981 0.0753058 0.0742319 0.0745794 0.0755906 0.0754768 0.0761674 0.0758470 0.0743715 0.0728382 0.0735258 0.0730050 0.0721511 0.0751465 0.0740400 0.0740766 0.0740498 0.0753312 0.0753677 0.0740133 0.0736009 0.0743201 0.0753920 0.0747644 0.0883263 0.0853979 0.0867953 0.0880991 0.0888536 0.0869553 0.0908016 0.0992541 0.0979476 
chrysogenys02          0.2811224 0.1376518 0.1366508 0.0104724 0.0000000 0.0816603 0.0819302 0.0819838 0.0772619 0.0751256 0.0763677 0.0764085 0.0742855 0.0743800 0.0696837 0.0709895 0.0700363 0.0689596 0.0698380 0.0711244 0.0688751 0.0681273 0.0701838 0.0701455 0.0696625 0.0701456 0.0684503 0.0705290 0.0702071 0.0707612 0.0689597 0.0694617 0.0698471 0.0695906 0.0708247 0.0697437 0.0734271 0.0729338 0.0618712 0.0706104 0.0720204 0.0721164 0.0728562 0.0726749 0.0728462 0.0721330 0.0725608 0.0726119 0.0723298 0.0723161 0.0749865 0.0722399 0.0730874 0.0721911 0.0727218 0.0732306 0.0715174 0.0717587 0.0730328 0.0725581 0.0719150 0.0615323 0.0692227 0.0694606 0.0704272 0.0696178 0.0702931 0.0694711 0.0686554 0.0671826 0.0694653 0.0692927 0.0690107 0.0685666 0.0667255 0.0676069 0.0677780 0.0678781 0.0684130 0.0680849 0.0670284 0.0649768 0.0658771 0.0660617 0.0653481 0.0674894 0.0666118 0.0668710 0.0670382 0.0676793 0.0681194 0.0666677 0.0659317 0.0667635 0.0675658 0.0678478 0.0819100 0.0793413 0.0798960 0.0819320 0.0823765 0.0805391 0.0852515 0.0929163 0.0919258 
uropygialis01          0.2875388 0.1460059 0.1437119 0.0873854 0.0816603 0.0000000 0.0068099 0.0074496 0.0827458 0.0811241 0.0808394 0.0809367 0.0792890 0.0789259 0.0612626 0.0630198 0.0619291 0.0613506 0.0620407 0.0637073 0.0605307 0.0605246 0.0619237 0.0613097 0.0608594 0.0610265 0.0600095 0.0619961 0.0613258 0.0625222 0.0596778 0.0611137 0.0611274 0.0613092 0.0614997 0.0620145 0.0654543 0.0646696 0.0525148 0.0622631 0.0641489 0.0641656 0.0640013 0.0643708 0.0644963 0.0639104 0.0640998 0.0646959 0.0638871 0.0649174 0.0674121 0.0638509 0.0641837 0.0639186 0.0643299 0.0649849 0.0638102 0.0643442 0.0649322 0.0645270 0.0646988 0.0529029 0.0609106 0.0607552 0.0617228 0.0611262 0.0618954 0.0610512 0.0609301 0.0588058 0.0611003 0.0612507 0.0603586 0.0605394 0.0603439 0.0604339 0.0608713 0.0604929 0.0614624 0.0610990 0.0603041 0.0589764 0.0611074 0.0594286 0.0587956 0.0604455 0.0594419 0.0604452 0.0601964 0.0603208 0.0611529 0.0599056 0.0594033 0.0604728 0.0607510 0.0611829 0.0886896 0.0837237 0.0869225 0.0900707 0.0896324 0.0876532 0.0911151 0.1022000 0.1012346 
uropygialis02          0.2866730 0.1459044 0.1434005 0.0879033 0.0819302 0.0068099 0.0000000 0.0101099 0.0830348 0.0808998 0.0810491 0.0810780 0.0793129 0.0792743 0.0620301 0.0633693 0.0622626 0.0618968 0.0627593 0.0639323 0.0612129 0.0610274 0.0626550 0.0620774 0.0617354 0.0616100 0.0606954 0.0625519 0.0619930 0.0630959 0.0601059 0.0614747 0.0613345 0.0619165 0.0620308 0.0626177 0.0661278 0.0649355 0.0533548 0.0629382 0.0648508 0.0646664 0.0643188 0.0649315 0.0650765 0.0644676 0.0647501 0.0652978 0.0640446 0.0652572 0.0678893 0.0640055 0.0648254 0.0641740 0.0650253 0.0653990 0.0642131 0.0645837 0.0653849 0.0649778 0.0648265 0.0536408 0.0613912 0.0614125 0.0622739 0.0619031 0.0626187 0.0613943 0.0615433 0.0593094 0.0615251 0.0620134 0.0609264 0.0611508 0.0606085 0.0608481 0.0618267 0.0613629 0.0622887 0.0619719 0.0608798 0.0595798 0.0618597 0.0603626 0.0594976 0.0613415 0.0601246 0.0610389 0.0605442 0.0612558 0.0624282 0.0603951 0.0602504 0.0608014 0.0611969 0.0621278 0.0883836 0.0830466 0.0875607 0.0893451 0.0897068 0.0875824 0.0910827 0.1023451 0.1017321 
uropygialis03          0.2886011 0.1477330 0.1451627 0.0874549 0.0819838 0.0074496 0.0101099 0.0000000 0.0835869 0.0826531 0.0818579 0.0818699 0.0807642 0.0808403 0.0628960 0.0645717 0.0633751 0.0630422 0.0637760 0.0649708 0.0621570 0.0621548 0.0635588 0.0629810 0.0626997 0.0624849 0.0616929 0.0636006 0.0627739 0.0639634 0.0612420 0.0625534 0.0625543 0.0627627 0.0630110 0.0633605 0.0671991 0.0659680 0.0540638 0.0639315 0.0655586 0.0655504 0.0653972 0.0657772 0.0656893 0.0652691 0.0659277 0.0663380 0.0649037 0.0661860 0.0681061 0.0651904 0.0657554 0.0652170 0.0658998 0.0661040 0.0654643 0.0656468 0.0663181 0.0661126 0.0657629 0.0546405 0.0625105 0.0624349 0.0631918 0.0629467 0.0634750 0.0626464 0.0626148 0.0604265 0.0625324 0.0629978 0.0619897 0.0620383 0.0617041 0.0617923 0.0623864 0.0622105 0.0631027 0.0624575 0.0617231 0.0604070 0.0623896 0.0609239 0.0602935 0.0619656 0.0609515 0.0619736 0.0614347 0.0618274 0.0627890 0.0614290 0.0610602 0.0618561 0.0618716 0.0624196 0.0890563 0.0847923 0.0881709 0.0902822 0.0903282 0.0883852 0.0912809 0.1032256 0.1023507 
pygmaeus01             0.2670337 0.1276846 0.1241900 0.0831555 0.0772619 0.0827458 0.0830348 0.0835869 0.0000000 0.0142824 0.0131277 0.0132963 0.0129048 0.0141470 0.0713855 0.0733266 0.0714960 0.0705981 0.0714699 0.0721647 0.0702881 0.0690654 0.0717829 0.0708652 0.0703932 0.0706167 0.0693592 0.0717490 0.0704423 0.0715071 0.0701718 0.0701258 0.0702217 0.0699277 0.0708099 0.0712984 0.0736985 0.0731199 0.0615412 0.0710171 0.0721753 0.0722484 0.0724001 0.0728828 0.0725167 0.0723610 0.0729702 0.0729267 0.0725582 0.0732195 0.0744565 0.0716403 0.0728949 0.0715110 0.0727427 0.0735088 0.0722185 0.0729822 0.0732304 0.0723594 0.0722813 0.0620631 0.0699731 0.0701532 0.0708645 0.0707056 0.0715646 0.0700547 0.0701838 0.0688121 0.0700986 0.0710241 0.0703604 0.0694725 0.0632798 0.0639864 0.0651501 0.0668961 0.0664974 0.0670926 0.0660157 0.0638984 0.0648793 0.0613036 0.0617500 0.0630608 0.0619630 0.0638302 0.0619923 0.0644692 0.0645999 0.0631796 0.0636476 0.0638996 0.0648059 0.0629516 0.0595553 0.0596930 0.0610049 0.0610836 0.0633640 0.0597445 0.0644018 0.0695111 0.0682694 
pygmaeus02             0.2627136 0.1254226 0.1233240 0.0808392 0.0751256 0.0811241 0.0808998 0.0826531 0.0142824 0.0000000 0.0134204 0.0133809 0.0127012 0.0130728 0.0698664 0.0717172 0.0704997 0.0694341 0.0705159 0.0709510 0.0691270 0.0683567 0.0706575 0.0703156 0.0697453 0.0694949 0.0682076 0.0705922 0.0696475 0.0705161 0.0688013 0.0693727 0.0697291 0.0691733 0.0696865 0.0696670 0.0733638 0.0729468 0.0611641 0.0704709 0.0717940 0.0720353 0.0720111 0.0726870 0.0720378 0.0719687 0.0726988 0.0728289 0.0724535 0.0732491 0.0748719 0.0717038 0.0725938 0.0716073 0.0729964 0.0730528 0.0716135 0.0725526 0.0733708 0.0722327 0.0719607 0.0617733 0.0690952 0.0694566 0.0700645 0.0699818 0.0706208 0.0688783 0.0683327 0.0673410 0.0692848 0.0692733 0.0690700 0.0683111 0.0627342 0.0626167 0.0637544 0.0659106 0.0667483 0.0668410 0.0655204 0.0624042 0.0638107 0.0600043 0.0607372 0.0622663 0.0620646 0.0623135 0.0609852 0.0636425 0.0645081 0.0623948 0.0629265 0.0630910 0.0638877 0.0615899 0.0588304 0.0576209 0.0601058 0.0597727 0.0621814 0.0584988 0.0628503 0.0687480 0.0678535 
pygmaeus03             0.2647491 0.1264611 0.1235871 0.0827807 0.0763677 0.0808394 0.0810491 0.0818579 0.0131277 0.0134204 0.0000000 0.0001266 0.0110706 0.0132882 0.0697768 0.0714185 0.0701106 0.0695569 0.0699483 0.0710405 0.0691050 0.0678477 0.0705077 0.0697614 0.0692761 0.0696938 0.0683543 0.0705756 0.0688829 0.0707242 0.0685617 0.0692347 0.0687485 0.0690496 0.0698823 0.0699510 0.0732674 0.0728271 0.0611225 0.0705315 0.0717178 0.0722600 0.0716815 0.0722709 0.0723458 0.0719857 0.0725475 0.0724962 0.0721835 0.0725923 0.0742768 0.0716361 0.0727273 0.0715444 0.0727124 0.0726240 0.0719635 0.0726072 0.0731310 0.0721958 0.0719308 0.0615982 0.0690377 0.0697568 0.0698565 0.0694458 0.0705591 0.0685368 0.0687922 0.0668390 0.0685831 0.0692634 0.0692221 0.0678420 0.0625323 0.0627167 0.0642569 0.0653447 0.0657985 0.0664832 0.0645547 0.0624566 0.0632570 0.0597992 0.0611972 0.0623216 0.0612695 0.0617945 0.0610053 0.0631616 0.0640907 0.0621412 0.0624623 0.0621690 0.0629372 0.0620514 0.0596144 0.0581972 0.0597580 0.0599828 0.0629108 0.0589697 0.0628205 0.0691397 0.0684649 
pygmaeus04             0.2649278 0.1264914 0.1237272 0.0827035 0.0764085 0.0809367 0.0810780 0.0818699 0.0132963 0.0133809 0.0001266 0.0000000 0.0113953 0.0133480 0.0696574 0.0714333 0.0700382 0.0692069 0.0699803 0.0708786 0.0690617 0.0678719 0.0703649 0.0697953 0.0692275 0.0696108 0.0683092 0.0704809 0.0688819 0.0705683 0.0684444 0.0692608 0.0686721 0.0689554 0.0698680 0.0697759 0.0728975 0.0727121 0.0612155 0.0704429 0.0714642 0.0720565 0.0714737 0.0721488 0.0722591 0.0718994 0.0724637 0.0723099 0.0719387 0.0725529 0.0740905 0.0715206 0.0725804 0.0714290 0.0726395 0.0725359 0.0719612 0.0725221 0.0730537 0.0721501 0.0718031 0.0616557 0.0689215 0.0696051 0.0700088 0.0693666 0.0704792 0.0684892 0.0685671 0.0667928 0.0684588 0.0690612 0.0690578 0.0677753 0.0626038 0.0626376 0.0642006 0.0651906 0.0657423 0.0665118 0.0645551 0.0624189 0.0635374 0.0597361 0.0608656 0.0623182 0.0612590 0.0614292 0.0608409 0.0631118 0.0640042 0.0619212 0.0625686 0.0619322 0.0628120 0.0618582 0.0597885 0.0582053 0.0596952 0.0600314 0.0630434 0.0587119 0.0627522 0.0691114 0.0687346 
pygmaeus05             0.2627595 0.1235269 0.1209772 0.0806434 0.0742855 0.0792890 0.0793129 0.0807642 0.0129048 0.0127012 0.0110706 0.0113953 0.0000000 0.0115600 0.0686587 0.0699900 0.0684534 0.0671553 0.0683054 0.0691299 0.0668548 0.0658370 0.0684560 0.0680565 0.0674875 0.0674824 0.0661527 0.0688491 0.0672520 0.0688509 0.0667404 0.0674381 0.0676191 0.0668736 0.0677021 0.0677779 0.0711217 0.0704660 0.0589057 0.0685329 0.0695507 0.0697923 0.0694535 0.0704032 0.0702099 0.0695328 0.0699354 0.0707719 0.0698517 0.0708671 0.0718046 0.0692805 0.0700487 0.0692654 0.0705884 0.0707245 0.0698137 0.0702169 0.0707746 0.0698580 0.0696942 0.0595656 0.0669369 0.0672482 0.0677209 0.0675186 0.0684795 0.0666944 0.0666419 0.0653033 0.0669421 0.0669924 0.0668381 0.0662332 0.0608802 0.0618998 0.0626356 0.0638462 0.0637577 0.0648151 0.0638768 0.0608923 0.0621221 0.0582666 0.0595012 0.0606605 0.0597220 0.0606263 0.0590522 0.0618024 0.0627694 0.0602016 0.0604696 0.0602607 0.0619823 0.0604583 0.0572938 0.0565484 0.0573556 0.0572893 0.0605454 0.0568321 0.0608439 0.0679231 0.0666908 
pygmaeus06             0.2636288 0.1252608 0.1216780 0.0805085 0.0743800 0.0789259 0.0792743 0.0808403 0.0141470 0.0130728 0.0132882 0.0133480 0.0115600 0.0000000 0.0681867 0.0695574 0.0680867 0.0677428 0.0683808 0.0690980 0.0669272 0.0659655 0.0685453 0.0679474 0.0674215 0.0673727 0.0665666 0.0686704 0.0668609 0.0689580 0.0661467 0.0672518 0.0671001 0.0670540 0.0679541 0.0680800 0.0713027 0.0705442 0.0589051 0.0682276 0.0695486 0.0702241 0.0696454 0.0702666 0.0702890 0.0696585 0.0705793 0.0700632 0.0701691 0.0706761 0.0722712 0.0691374 0.0706089 0.0690025 0.0704717 0.0704197 0.0697705 0.0704211 0.0709354 0.0700042 0.0697843 0.0595335 0.0667236 0.0674764 0.0679851 0.0672850 0.0683769 0.0666943 0.0659485 0.0649045 0.0666730 0.0667875 0.0666225 0.0658076 0.0615258 0.0615287 0.0627351 0.0640322 0.0644345 0.0650707 0.0637154 0.0615148 0.0620965 0.0589973 0.0596564 0.0608851 0.0598709 0.0609012 0.0600766 0.0619482 0.0630780 0.0608677 0.0613499 0.0606019 0.0617629 0.0608546 0.0575268 0.0567131 0.0580697 0.0575348 0.0613626 0.0581253 0.0619886 0.0673890 0.0666249 
carolinus01            0.2789651 0.1393003 0.1367272 0.0768946 0.0696837 0.0612626 0.0620301 0.0628960 0.0713855 0.0698664 0.0697768 0.0696574 0.0686587 0.0681867 0.0000000 0.0063665 0.0045463 0.0046659 0.0059741 0.0061563 0.0059513 0.0053093 0.0058192 0.0053324 0.0054884 0.0052147 0.0053772 0.0055605 0.0049893 0.0058062 0.0053964 0.0052018 0.0057503 0.0050626 0.0059452 0.0056908 0.0224912 0.0221117 0.0050251 0.0210679 0.0217765 0.0216043 0.0220023 0.0216350 0.0211247 0.0211037 0.0211850 0.0215159 0.0213749 0.0224440 0.0248368 0.0210789 0.0218929 0.0211356 0.0218955 0.0227774 0.0216421 0.0222496 0.0223567 0.0210652 0.0225727 0.0051939 0.0057638 0.0051230 0.0053059 0.0053341 0.0053595 0.0065774 0.0054338 0.0048006 0.0055297 0.0056942 0.0052580 0.0050489 0.0259475 0.0273200 0.0276137 0.0251040 0.0264376 0.0269641 0.0268701 0.0243682 0.0267107 0.0277272 0.0257284 0.0272477 0.0272035 0.0263494 0.0273906 0.0263449 0.0267921 0.0275596 0.0263423 0.0269114 0.0272220 0.0289094 0.0750273 0.0690896 0.0743906 0.0755645 0.0748979 0.0728676 0.0768991 0.0913521 0.0886743 
carolinus02            0.2792225 0.1417582 0.1395911 0.0777225 0.0709895 0.0630198 0.0633693 0.0645717 0.0733266 0.0717172 0.0714185 0.0714333 0.0699900 0.0695574 0.0063665 0.0000000 0.0069380 0.0072150 0.0084295 0.0090870 0.0068758 0.0070563 0.0077581 0.0075537 0.0077599 0.0069368 0.0073144 0.0088312 0.0073046 0.0081438 0.0064998 0.0077304 0.0069743 0.0083495 0.0074102 0.0085916 0.0243382 0.0249431 0.0068663 0.0230501 0.0243318 0.0242674 0.0240008 0.0240927 0.0243674 0.0234555 0.0234980 0.0239859 0.0233413 0.0243096 0.0266893 0.0230378 0.0241286 0.0230873 0.0241124 0.0245695 0.0244441 0.0243806 0.0245589 0.0235019 0.0242161 0.0072888 0.0066077 0.0078418 0.0074011 0.0073362 0.0072992 0.0074615 0.0074682 0.0064628 0.0077005 0.0075274 0.0068165 0.0073098 0.0284073 0.0294080 0.0296568 0.0279242 0.0286504 0.0290924 0.0292201 0.0266292 0.0291096 0.0304973 0.0278756 0.0297316 0.0293945 0.0290194 0.0298746 0.0290196 0.0297233 0.0303176 0.0282419 0.0293160 0.0299695 0.0314473 0.0771813 0.0720554 0.0763662 0.0779211 0.0779392 0.0757239 0.0787392 0.0931910 0.0918808 
carolinus03            0.2798839 0.1401342 0.1381125 0.0766412 0.0700363 0.0619291 0.0622626 0.0633751 0.0714960 0.0704997 0.0701106 0.0700382 0.0684534 0.0680867 0.0045463 0.0069380 0.0000000 0.0064208 0.0066179 0.0060699 0.0063690 0.0051849 0.0055718 0.0057483 0.0057393 0.0050326 0.0057243 0.0059237 0.0056207 0.0064570 0.0056238 0.0056780 0.0057522 0.0059096 0.0058858 0.0068299 0.0231783 0.0230843 0.0052293 0.0224258 0.0227826 0.0228261 0.0228008 0.0226718 0.0229911 0.0222032 0.0222196 0.0226625 0.0220166 0.0234279 0.0253189 0.0217173 0.0226429 0.0218347 0.0223917 0.0238617 0.0228492 0.0229555 0.0229245 0.0220333 0.0229378 0.0057123 0.0053829 0.0059057 0.0055582 0.0055878 0.0055868 0.0061221 0.0058631 0.0049087 0.0054236 0.0063047 0.0054331 0.0049149 0.0260630 0.0275977 0.0280760 0.0256223 0.0261773 0.0267640 0.0272284 0.0244077 0.0272740 0.0285930 0.0261512 0.0280021 0.0272103 0.0270542 0.0283446 0.0268407 0.0272900 0.0283652 0.0265309 0.0274209 0.0278924 0.0297952 0.0754087 0.0695909 0.0750279 0.0759205 0.0755287 0.0734424 0.0773223 0.0922572 0.0895485 
carolinus04            0.2771715 0.1374886 0.1353557 0.0757993 0.0689596 0.0613506 0.0618968 0.0630422 0.0705981 0.0694341 0.0695569 0.0692069 0.0671553 0.0677428 0.0046659 0.0072150 0.0064208 0.0000000 0.0068528 0.0057243 0.0058403 0.0050032 0.0052935 0.0051564 0.0051474 0.0061114 0.0057427 0.0059931 0.0051635 0.0053846 0.0050297 0.0057510 0.0053857 0.0053923 0.0064443 0.0062041 0.0226870 0.0226636 0.0057450 0.0214173 0.0225180 0.0223220 0.0230411 0.0224200 0.0220405 0.0221845 0.0219464 0.0226010 0.0220456 0.0228940 0.0255190 0.0215963 0.0230003 0.0216176 0.0226235 0.0232345 0.0220656 0.0228941 0.0227731 0.0218775 0.0230880 0.0058471 0.0052361 0.0053501 0.0052535 0.0053854 0.0060396 0.0062201 0.0052009 0.0047413 0.0048748 0.0059835 0.0050465 0.0051626 0.0260886 0.0271822 0.0274194 0.0250106 0.0262108 0.0261941 0.0265550 0.0240592 0.0268051 0.0275635 0.0253645 0.0273268 0.0268405 0.0262761 0.0272936 0.0264054 0.0264371 0.0273276 0.0258308 0.0265520 0.0273004 0.0285891 0.0746306 0.0691216 0.0738070 0.0751960 0.0749348 0.0726079 0.0758064 0.0902926 0.0883854 
carolinus05            0.2776364 0.1391949 0.1372118 0.0766752 0.0698380 0.0620407 0.0627593 0.0637760 0.0714699 0.0705159 0.0699483 0.0699803 0.0683054 0.0683808 0.0059741 0.0084295 0.0066179 0.0068528 0.0000000 0.0064740 0.0064029 0.0057128 0.0068068 0.0063850 0.0067528 0.0062055 0.0063390 0.0064484 0.0058966 0.0073460 0.0066627 0.0062327 0.0063951 0.0057481 0.0068699 0.0074501 0.0225093 0.0228252 0.0063439 0.0216490 0.0224690 0.0226630 0.0228684 0.0223478 0.0221899 0.0217830 0.0219255 0.0223784 0.0221019 0.0230005 0.0251857 0.0216928 0.0225743 0.0216524 0.0226862 0.0233340 0.0221163 0.0230485 0.0228366 0.0218778 0.0231093 0.0058533 0.0066606 0.0060202 0.0063053 0.0062371 0.0069114 0.0066723 0.0063357 0.0056055 0.0071230 0.0077686 0.0059732 0.0063165 0.0260635 0.0276379 0.0275880 0.0253749 0.0263781 0.0267213 0.0266517 0.0240513 0.0268555 0.0278150 0.0256750 0.0274907 0.0266209 0.0269451 0.0278631 0.0266569 0.0269371 0.0284192 0.0262897 0.0271474 0.0277393 0.0288886 0.0753817 0.0701980 0.0748030 0.0759071 0.0764123 0.0733067 0.0775308 0.0912521 0.0898514 
carolinus06            0.2791023 0.1403999 0.1382773 0.0779536 0.0711244 0.0637073 0.0639323 0.0649708 0.0721647 0.0709510 0.0710405 0.0708786 0.0691299 0.0690980 0.0061563 0.0090870 0.0060699 0.0057243 0.0064740 0.0000000 0.0066260 0.0062850 0.0068509 0.0067514 0.0068954 0.0068473 0.0063529 0.0070192 0.0064641 0.0068673 0.0069688 0.0071181 0.0069038 0.0064108 0.0066671 0.0073363 0.0237634 0.0238243 0.0067681 0.0226511 0.0230752 0.0231403 0.0234164 0.0231100 0.0232042 0.0228129 0.0225033 0.0232808 0.0227712 0.0240355 0.0261038 0.0226226 0.0238917 0.0226741 0.0234187 0.0242724 0.0231445 0.0239871 0.0235271 0.0226506 0.0238524 0.0061793 0.0075460 0.0063733 0.0063115 0.0069921 0.0067017 0.0074994 0.0064893 0.0064565 0.0072504 0.0074023 0.0067350 0.0061652 0.0273000 0.0289001 0.0291085 0.0261754 0.0272274 0.0279144 0.0281677 0.0255437 0.0280623 0.0287888 0.0271345 0.0286676 0.0280948 0.0274257 0.0287341 0.0278607 0.0281651 0.0291411 0.0277008 0.0284965 0.0289744 0.0301423 0.0761512 0.0699655 0.0753551 0.0756703 0.0762191 0.0736752 0.0775854 0.0922775 0.0896218 
carolinus07            0.2770984 0.1382410 0.1364585 0.0751724 0.0688751 0.0605307 0.0612129 0.0621570 0.0702881 0.0691270 0.0691050 0.0690617 0.0668548 0.0669272 0.0059513 0.0068758 0.0063690 0.0058403 0.0064029 0.0066260 0.0000000 0.0050910 0.0046377 0.0044099 0.0048368 0.0049920 0.0044157 0.0053870 0.0053369 0.0053291 0.0047452 0.0048358 0.0049997 0.0050657 0.0050017 0.0059087 0.0225613 0.0226455 0.0050030 0.0217934 0.0219470 0.0217603 0.0225844 0.0221936 0.0221131 0.0218387 0.0217692 0.0224734 0.0215755 0.0233740 0.0248609 0.0216157 0.0221813 0.0216975 0.0221643 0.0228099 0.0223844 0.0226194 0.0227337 0.0219001 0.0222953 0.0052280 0.0047294 0.0053042 0.0047496 0.0048126 0.0053253 0.0050540 0.0047685 0.0042847 0.0049491 0.0051927 0.0047490 0.0046616 0.0258774 0.0268574 0.0271673 0.0252180 0.0259166 0.0262475 0.0269161 0.0242815 0.0267330 0.0274977 0.0256037 0.0269841 0.0270629 0.0271115 0.0276236 0.0266481 0.0269849 0.0278959 0.0261747 0.0267206 0.0272495 0.0290713 0.0743992 0.0694644 0.0741125 0.0748708 0.0752353 0.0723429 0.0762683 0.0903732 0.0887874 
carolinus08            0.2762545 0.1363972 0.1348144 0.0747583 0.0681273 0.0605246 0.0610274 0.0621548 0.0690654 0.0683567 0.0678477 0.0678719 0.0658370 0.0659655 0.0053093 0.0070563 0.0051849 0.0050032 0.0057128 0.0062850 0.0050910 0.0000000 0.0045390 0.0047149 0.0055681 0.0041016 0.0047762 0.0053795 0.0043753 0.0053937 0.0045863 0.0046227 0.0046842 0.0041314 0.0045642 0.0054350 0.0217700 0.0213060 0.0041215 0.0206185 0.0211851 0.0211017 0.0215059 0.0211075 0.0215565 0.0207436 0.0204715 0.0210048 0.0206723 0.0214943 0.0241442 0.0204822 0.0213057 0.0204710 0.0207754 0.0224137 0.0212498 0.0218050 0.0215288 0.0206210 0.0214173 0.0045911 0.0046918 0.0042253 0.0041327 0.0044969 0.0048956 0.0044963 0.0045126 0.0037219 0.0042339 0.0049314 0.0048171 0.0040963 0.0248244 0.0259379 0.0262312 0.0240243 0.0249414 0.0253596 0.0255619 0.0233042 0.0258164 0.0267117 0.0246566 0.0265671 0.0258087 0.0256848 0.0271144 0.0252039 0.0258813 0.0266431 0.0252428 0.0256074 0.0261172 0.0278990 0.0732168 0.0682548 0.0727851 0.0741091 0.0745452 0.0721533 0.0752344 0.0897435 0.0878452 
carolinus09            0.2791682 0.1398101 0.1378957 0.0770040 0.0701838 0.0619237 0.0626550 0.0635588 0.0717829 0.0706575 0.0705077 0.0703649 0.0684560 0.0685453 0.0058192 0.0077581 0.0055718 0.0052935 0.0068068 0.0068509 0.0046377 0.0045390 0.0000000 0.0050604 0.0056057 0.0045349 0.0047639 0.0054738 0.0051489 0.0044374 0.0048745 0.0049335 0.0041669 0.0052832 0.0051634 0.0060261 0.0227491 0.0227906 0.0053779 0.0222282 0.0223242 0.0224822 0.0227003 0.0220105 0.0221218 0.0219525 0.0216572 0.0221000 0.0217729 0.0229754 0.0250702 0.0214874 0.0222749 0.0215707 0.0220918 0.0228251 0.0221549 0.0224627 0.0225648 0.0214863 0.0224199 0.0056651 0.0045114 0.0047221 0.0045362 0.0048441 0.0052679 0.0052492 0.0048290 0.0044056 0.0047612 0.0053497 0.0055025 0.0043839 0.0269577 0.0279426 0.0284407 0.0261160 0.0269371 0.0272025 0.0278197 0.0250175 0.0275459 0.0283093 0.0264770 0.0282586 0.0277648 0.0274732 0.0284932 0.0272676 0.0277435 0.0289404 0.0273514 0.0277979 0.0282656 0.0300750 0.0758267 0.0708523 0.0757475 0.0768456 0.0770335 0.0742605 0.0779931 0.0926497 0.0908249 
carolinus10            0.2781196 0.1388516 0.1373943 0.0770604 0.0701455 0.0613097 0.0620774 0.0629810 0.0708652 0.0703156 0.0697614 0.0697953 0.0680565 0.0679474 0.0053324 0.0075537 0.0057483 0.0051564 0.0063850 0.0067514 0.0044099 0.0047149 0.0050604 0.0000000 0.0043661 0.0053553 0.0049990 0.0053131 0.0040930 0.0053848 0.0043990 0.0044003 0.0042783 0.0042493 0.0050850 0.0056132 0.0231560 0.0220405 0.0050535 0.0213842 0.0221885 0.0219338 0.0227808 0.0222277 0.0219900 0.0216331 0.0215945 0.0219884 0.0215970 0.0225425 0.0247733 0.0213170 0.0222568 0.0214314 0.0223018 0.0232448 0.0227305 0.0231155 0.0224898 0.0213493 0.0224733 0.0049657 0.0046959 0.0040040 0.0044672 0.0047398 0.0051969 0.0054201 0.0043156 0.0044560 0.0044729 0.0049264 0.0046221 0.0042187 0.0261146 0.0273415 0.0274730 0.0251550 0.0261613 0.0268114 0.0270898 0.0243633 0.0265564 0.0276926 0.0257465 0.0276184 0.0265605 0.0268832 0.0276044 0.0265504 0.0269645 0.0280283 0.0260855 0.0269469 0.0274910 0.0291475 0.0750417 0.0697265 0.0745109 0.0757520 0.0753897 0.0730338 0.0768204 0.0914580 0.0895365 
carolinus11            0.2776006 0.1387005 0.1367490 0.0763497 0.0696625 0.0608594 0.0617354 0.0626997 0.0703932 0.0697453 0.0692761 0.0692275 0.0674875 0.0674215 0.0054884 0.0077599 0.0057393 0.0051474 0.0067528 0.0068954 0.0048368 0.0055681 0.0056057 0.0043661 0.0000000 0.0049567 0.0049571 0.0057419 0.0051361 0.0053185 0.0040888 0.0053220 0.0046506 0.0052686 0.0055489 0.0053620 0.0226464 0.0224631 0.0044280 0.0214526 0.0217340 0.0223232 0.0226023 0.0221269 0.0220061 0.0218288 0.0215870 0.0224249 0.0216358 0.0232339 0.0252581 0.0215718 0.0222358 0.0216550 0.0220589 0.0232158 0.0222859 0.0228903 0.0226814 0.0217188 0.0224361 0.0055556 0.0048091 0.0046466 0.0047965 0.0047983 0.0051948 0.0052334 0.0047633 0.0044867 0.0051250 0.0055685 0.0048015 0.0044295 0.0253928 0.0266820 0.0271083 0.0248658 0.0260595 0.0262404 0.0262030 0.0242443 0.0265474 0.0272511 0.0253144 0.0267843 0.0267302 0.0268989 0.0275571 0.0262213 0.0266076 0.0278009 0.0259886 0.0268859 0.0271496 0.0286178 0.0747579 0.0701256 0.0739571 0.0753979 0.0754515 0.0727152 0.0765229 0.0915588 0.0895065 
carolinus12            0.2782421 0.1390034 0.1367676 0.0769139 0.0701456 0.0610265 0.0616100 0.0624849 0.0706167 0.0694949 0.0696938 0.0696108 0.0674824 0.0673727 0.0052147 0.0069368 0.0050326 0.0061114 0.0062055 0.0068473 0.0049920 0.0041016 0.0045349 0.0053553 0.0049567 0.0000000 0.0044153 0.0052823 0.0042181 0.0049583 0.0043434 0.0050136 0.0045039 0.0044748 0.0049971 0.0060860 0.0227766 0.0225097 0.0048721 0.0215869 0.0220687 0.0218755 0.0221096 0.0221714 0.0221732 0.0213770 0.0214401 0.0220005 0.0212889 0.0230217 0.0246563 0.0215540 0.0223058 0.0216040 0.0221724 0.0230577 0.0220554 0.0225134 0.0225917 0.0212336 0.0224038 0.0052525 0.0042912 0.0051485 0.0044668 0.0049923 0.0053226 0.0045893 0.0051734 0.0040298 0.0050679 0.0055412 0.0044923 0.0047179 0.0262232 0.0269166 0.0275136 0.0253660 0.0262090 0.0268631 0.0271332 0.0245450 0.0266779 0.0280820 0.0257879 0.0272378 0.0270670 0.0267451 0.0279903 0.0267268 0.0271395 0.0278204 0.0263718 0.0273396 0.0280092 0.0293398 0.0744225 0.0697851 0.0743707 0.0753499 0.0757136 0.0729926 0.0771338 0.0912919 0.0895194 
carolinus13            0.2762662 0.1374618 0.1354198 0.0749295 0.0684503 0.0600095 0.0606954 0.0616929 0.0693592 0.0682076 0.0683543 0.0683092 0.0661527 0.0665666 0.0053772 0.0073144 0.0057243 0.0057427 0.0063390 0.0063529 0.0044157 0.0047762 0.0047639 0.0049990 0.0049571 0.0044153 0.0000000 0.0050799 0.0046881 0.0050554 0.0048634 0.0051234 0.0050278 0.0049453 0.0045075 0.0060074 0.0216554 0.0216380 0.0043160 0.0208992 0.0212799 0.0212328 0.0215625 0.0213674 0.0212555 0.0208009 0.0207564 0.0213233 0.0204175 0.0218865 0.0236066 0.0203246 0.0213354 0.0203717 0.0210941 0.0220290 0.0213044 0.0213818 0.0218155 0.0205664 0.0213830 0.0044198 0.0048570 0.0039244 0.0049089 0.0044451 0.0052418 0.0049371 0.0043282 0.0045578 0.0045777 0.0051936 0.0049421 0.0041396 0.0249826 0.0262641 0.0266653 0.0237934 0.0251117 0.0253353 0.0259099 0.0232376 0.0255787 0.0265233 0.0247939 0.0263719 0.0255484 0.0257607 0.0265473 0.0253559 0.0256157 0.0267811 0.0249191 0.0257120 0.0265195 0.0276805 0.0731398 0.0682309 0.0727016 0.0741551 0.0742111 0.0720677 0.0755926 0.0900526 0.0882157 
carolinus14            0.2789533 0.1398133 0.1372929 0.0774963 0.0705290 0.0619961 0.0625519 0.0636006 0.0717490 0.0705922 0.0705756 0.0704809 0.0688491 0.0686704 0.0055605 0.0088312 0.0059237 0.0059931 0.0064484 0.0070192 0.0053870 0.0053795 0.0054738 0.0053131 0.0057419 0.0052823 0.0050799 0.0000000 0.0054398 0.0057500 0.0052252 0.0055508 0.0053839 0.0055710 0.0051117 0.0065276 0.0235020 0.0235681 0.0055828 0.0225722 0.0234791 0.0228787 0.0232063 0.0229030 0.0232531 0.0227928 0.0227296 0.0233475 0.0228884 0.0236907 0.0264122 0.0221954 0.0234277 0.0222448 0.0230111 0.0242368 0.0234404 0.0236740 0.0236844 0.0225488 0.0237210 0.0055843 0.0055153 0.0050053 0.0054387 0.0053837 0.0063912 0.0052508 0.0051760 0.0050623 0.0053256 0.0061537 0.0053568 0.0047987 0.0270304 0.0282206 0.0289697 0.0262335 0.0272084 0.0280023 0.0283602 0.0250983 0.0277393 0.0288893 0.0266155 0.0283982 0.0277464 0.0278624 0.0289069 0.0276646 0.0277105 0.0289865 0.0275119 0.0279114 0.0286005 0.0300621 0.0759176 0.0705691 0.0748794 0.0763475 0.0758753 0.0740712 0.0774390 0.0920177 0.0901166 
carolinus15            0.2779195 0.1387110 0.1366205 0.0770141 0.0702071 0.0613258 0.0619930 0.0627739 0.0704423 0.0696475 0.0688829 0.0688819 0.0672520 0.0668609 0.0049893 0.0073046 0.0056207 0.0051635 0.0058966 0.0064641 0.0053369 0.0043753 0.0051489 0.0040930 0.0051361 0.0042181 0.0046881 0.0054398 0.0000000 0.0052929 0.0047066 0.0052336 0.0039138 0.0046864 0.0054626 0.0052129 0.0226844 0.0222917 0.0048041 0.0214020 0.0219979 0.0220553 0.0226155 0.0220315 0.0218980 0.0215330 0.0214581 0.0219588 0.0215944 0.0224500 0.0242303 0.0208641 0.0221905 0.0209151 0.0219489 0.0227611 0.0223634 0.0229551 0.0224490 0.0210960 0.0222366 0.0045010 0.0051237 0.0042515 0.0042521 0.0042146 0.0050436 0.0052696 0.0042560 0.0046414 0.0047537 0.0050916 0.0044636 0.0043133 0.0258997 0.0275308 0.0276368 0.0253013 0.0264352 0.0270439 0.0266807 0.0245478 0.0267104 0.0277212 0.0253965 0.0273327 0.0270963 0.0266385 0.0277530 0.0265440 0.0268864 0.0279033 0.0263385 0.0271760 0.0273838 0.0290374 0.0749365 0.0696682 0.0739259 0.0752914 0.0752537 0.0730558 0.0765942 0.0909115 0.0891365 
carolinus16            0.2797987 0.1407861 0.1386201 0.0778596 0.0707612 0.0625222 0.0630959 0.0639634 0.0715071 0.0705161 0.0707242 0.0705683 0.0688509 0.0689580 0.0058062 0.0081438 0.0064570 0.0053846 0.0073460 0.0068673 0.0053291 0.0053937 0.0044374 0.0053848 0.0053185 0.0049583 0.0050554 0.0057500 0.0052929 0.0000000 0.0056007 0.0054438 0.0048021 0.0050568 0.0055177 0.0059252 0.0236317 0.0230375 0.0053963 0.0219588 0.0229911 0.0225027 0.0229379 0.0229931 0.0224141 0.0224742 0.0218769 0.0226022 0.0218849 0.0232895 0.0251284 0.0220468 0.0229891 0.0221289 0.0227825 0.0235615 0.0226899 0.0234970 0.0227745 0.0220062 0.0230622 0.0058134 0.0054583 0.0046454 0.0049567 0.0048957 0.0054491 0.0059733 0.0044421 0.0044294 0.0051837 0.0057659 0.0052828 0.0047768 0.0274160 0.0284553 0.0286468 0.0261065 0.0273900 0.0279848 0.0275126 0.0255531 0.0279094 0.0289128 0.0268775 0.0284274 0.0280293 0.0280128 0.0287152 0.0276176 0.0277658 0.0287535 0.0272896 0.0284292 0.0284494 0.0301814 0.0757547 0.0708166 0.0754345 0.0764898 0.0765297 0.0741914 0.0783417 0.0920932 0.0903261 
carolinus17            0.2779728 0.1382610 0.1363313 0.0756992 0.0689597 0.0596778 0.0601059 0.0612420 0.0701718 0.0688013 0.0685617 0.0684444 0.0667404 0.0661467 0.0053964 0.0064998 0.0056238 0.0050297 0.0066627 0.0069688 0.0047452 0.0045863 0.0048745 0.0043990 0.0040888 0.0043434 0.0048634 0.0052252 0.0047066 0.0056007 0.0000000 0.0051095 0.0028335 0.0048360 0.0051736 0.0058363 0.0216631 0.0215399 0.0041797 0.0204947 0.0214385 0.0211562 0.0211490 0.0206760 0.0212768 0.0209745 0.0208712 0.0213389 0.0208764 0.0221161 0.0238558 0.0208502 0.0211885 0.0209374 0.0209714 0.0214541 0.0213043 0.0217427 0.0215126 0.0208942 0.0215837 0.0049975 0.0046869 0.0048646 0.0044346 0.0043685 0.0049567 0.0053564 0.0050432 0.0043927 0.0047827 0.0048253 0.0043637 0.0047849 0.0255872 0.0261990 0.0266254 0.0245917 0.0259880 0.0260984 0.0263400 0.0240238 0.0259853 0.0275205 0.0250940 0.0267133 0.0268838 0.0267520 0.0273828 0.0261554 0.0266179 0.0269872 0.0256486 0.0269062 0.0269606 0.0283787 0.0738340 0.0688351 0.0737018 0.0748416 0.0747959 0.0723470 0.0762500 0.0899963 0.0886915 
carolinus18            0.2769712 0.1385117 0.1359947 0.0761810 0.0694617 0.0611137 0.0614747 0.0625534 0.0701258 0.0693727 0.0692347 0.0692608 0.0674381 0.0672518 0.0052018 0.0077304 0.0056780 0.0057510 0.0062327 0.0071181 0.0048358 0.0046227 0.0049335 0.0044003 0.0053220 0.0050136 0.0051234 0.0055508 0.0052336 0.0054438 0.0051095 0.0000000 0.0047783 0.0049675 0.0050292 0.0061049 0.0225074 0.0220762 0.0051466 0.0209529 0.0215664 0.0213799 0.0219055 0.0217711 0.0217145 0.0207934 0.0208778 0.0212181 0.0212178 0.0220978 0.0241955 0.0208351 0.0218105 0.0209513 0.0217260 0.0223115 0.0214629 0.0220073 0.0217497 0.0210343 0.0222333 0.0049974 0.0050911 0.0049887 0.0052977 0.0054208 0.0049201 0.0053275 0.0048399 0.0044294 0.0046606 0.0055277 0.0046722 0.0043760 0.0257964 0.0269998 0.0272458 0.0246995 0.0258943 0.0268607 0.0267996 0.0237442 0.0262345 0.0277506 0.0253588 0.0271642 0.0263316 0.0263816 0.0272703 0.0263329 0.0264103 0.0278481 0.0259646 0.0263238 0.0269600 0.0287117 0.0742657 0.0689275 0.0736793 0.0750887 0.0749867 0.0725713 0.0765707 0.0901619 0.0884266 
carolinus19            0.2779940 0.1388491 0.1370474 0.0765003 0.0698471 0.0611274 0.0613345 0.0625543 0.0702217 0.0697291 0.0687485 0.0686721 0.0676191 0.0671001 0.0057503 0.0069743 0.0057522 0.0053857 0.0063951 0.0069038 0.0049997 0.0046842 0.0041669 0.0042783 0.0046506 0.0045039 0.0050278 0.0053839 0.0039138 0.0048021 0.0028335 0.0047783 0.0000000 0.0045983 0.0051261 0.0052767 0.0221243 0.0221287 0.0040613 0.0209445 0.0220416 0.0216272 0.0220275 0.0213812 0.0215973 0.0213317 0.0211533 0.0217145 0.0210731 0.0224757 0.0244083 0.0207813 0.0216711 0.0208645 0.0212606 0.0228078 0.0220076 0.0221051 0.0217683 0.0210817 0.0219314 0.0050032 0.0042034 0.0048707 0.0053368 0.0046861 0.0051139 0.0047129 0.0045086 0.0039068 0.0048157 0.0050545 0.0041699 0.0039411 0.0257448 0.0268862 0.0270853 0.0246762 0.0260724 0.0270702 0.0267908 0.0242564 0.0266488 0.0274802 0.0254011 0.0268418 0.0268152 0.0266848 0.0275313 0.0261998 0.0267533 0.0273642 0.0262455 0.0268200 0.0273754 0.0287054 0.0744983 0.0696074 0.0740841 0.0755050 0.0753832 0.0730573 0.0764122 0.0906518 0.0892400 
carolinus20            0.2769522 0.1375833 0.1356129 0.0765146 0.0695906 0.0613092 0.0619165 0.0627627 0.0699277 0.0691733 0.0690496 0.0689554 0.0668736 0.0670540 0.0050626 0.0083495 0.0059096 0.0053923 0.0057481 0.0064108 0.0050657 0.0041314 0.0052832 0.0042493 0.0052686 0.0044748 0.0049453 0.0055710 0.0046864 0.0050568 0.0048360 0.0049675 0.0045983 0.0000000 0.0055281 0.0055337 0.0224669 0.0220099 0.0046576 0.0213174 0.0219652 0.0217392 0.0217793 0.0219655 0.0216847 0.0211775 0.0212633 0.0218644 0.0216750 0.0223969 0.0243634 0.0210161 0.0221643 0.0210675 0.0219521 0.0224926 0.0221878 0.0227653 0.0219804 0.0207570 0.0221716 0.0053759 0.0050928 0.0046895 0.0049096 0.0046610 0.0056134 0.0050928 0.0044155 0.0040034 0.0049447 0.0051631 0.0049487 0.0045082 0.0255677 0.0269172 0.0270387 0.0244568 0.0255750 0.0262174 0.0263966 0.0240431 0.0261238 0.0269916 0.0252287 0.0268173 0.0264620 0.0262800 0.0271744 0.0259899 0.0262065 0.0274336 0.0254910 0.0264965 0.0270947 0.0285134 0.0736526 0.0688487 0.0728858 0.0745109 0.0748880 0.0719235 0.0752369 0.0897534 0.0882282 
carolinus21            0.2788707 0.1397262 0.1378623 0.0772316 0.0708247 0.0614997 0.0620308 0.0630110 0.0708099 0.0696865 0.0698823 0.0698680 0.0677021 0.0679541 0.0059452 0.0074102 0.0058858 0.0064443 0.0068699 0.0066671 0.0050017 0.0045642 0.0051634 0.0050850 0.0055489 0.0049971 0.0045075 0.0051117 0.0054626 0.0055177 0.0051736 0.0050292 0.0051261 0.0055281 0.0000000 0.0066325 0.0224247 0.0224534 0.0047245 0.0213050 0.0220792 0.0218502 0.0224235 0.0215682 0.0216942 0.0213956 0.0214127 0.0219531 0.0212914 0.0225450 0.0243805 0.0216872 0.0218627 0.0217364 0.0219600 0.0228135 0.0222377 0.0225866 0.0223563 0.0208535 0.0225389 0.0049474 0.0046362 0.0048780 0.0045009 0.0049661 0.0052369 0.0054010 0.0048362 0.0045936 0.0050105 0.0052005 0.0046656 0.0053149 0.0264212 0.0271689 0.0273432 0.0252082 0.0262184 0.0267157 0.0269469 0.0244132 0.0263730 0.0281307 0.0255735 0.0273403 0.0267559 0.0273249 0.0278674 0.0262909 0.0270718 0.0276746 0.0264146 0.0274473 0.0281680 0.0289945 0.0750647 0.0702004 0.0745444 0.0764078 0.0763044 0.0736565 0.0776132 0.0921833 0.0905774 
carolinus22            0.2776906 0.1382964 0.1362185 0.0768708 0.0697437 0.0620145 0.0626177 0.0633605 0.0712984 0.0696670 0.0699510 0.0697759 0.0677779 0.0680800 0.0056908 0.0085916 0.0068299 0.0062041 0.0074501 0.0073363 0.0059087 0.0054350 0.0060261 0.0056132 0.0053620 0.0060860 0.0060074 0.0065276 0.0052129 0.0059252 0.0058363 0.0061049 0.0052767 0.0055337 0.0066325 0.0000000 0.0235650 0.0226954 0.0055981 0.0215124 0.0222907 0.0221883 0.0227255 0.0223230 0.0222637 0.0218262 0.0214909 0.0220247 0.0221971 0.0228796 0.0251379 0.0215001 0.0228425 0.0216154 0.0221909 0.0234609 0.0224783 0.0228671 0.0226574 0.0215925 0.0226320 0.0052871 0.0055380 0.0055237 0.0055589 0.0057135 0.0060789 0.0059937 0.0052611 0.0051458 0.0061601 0.0056224 0.0055038 0.0053400 0.0260356 0.0274733 0.0275426 0.0251186 0.0261984 0.0268048 0.0270757 0.0237895 0.0266382 0.0280379 0.0255153 0.0276345 0.0270950 0.0266554 0.0282004 0.0265430 0.0267157 0.0278473 0.0264367 0.0273362 0.0276273 0.0292383 0.0755662 0.0698946 0.0739877 0.0757957 0.0753705 0.0733742 0.0769133 0.0915892 0.0894972 
aurifrons01            0.2804789 0.1414629 0.1396953 0.0805273 0.0734271 0.0654543 0.0661278 0.0671991 0.0736985 0.0733638 0.0732674 0.0728975 0.0711217 0.0713027 0.0224912 0.0243382 0.0231783 0.0226870 0.0225093 0.0237634 0.0225613 0.0217700 0.0227491 0.0231560 0.0226464 0.0227766 0.0216554 0.0235020 0.0226844 0.0236317 0.0216631 0.0225074 0.0221243 0.0224669 0.0224247 0.0235650 0.0000000 0.0047773 0.0055799 0.0045755 0.0045297 0.0043529 0.0041298 0.0048952 0.0044137 0.0040750 0.0041730 0.0043154 0.0043472 0.0047596 0.0069858 0.0033957 0.0046418 0.0035766 0.0039450 0.0048324 0.0048675 0.0040789 0.0044573 0.0048612 0.0045847 0.0051772 0.0218321 0.0226211 0.0227851 0.0229683 0.0227051 0.0223907 0.0225329 0.0212966 0.0232672 0.0223391 0.0223986 0.0216101 0.0267802 0.0268477 0.0275355 0.0249218 0.0258056 0.0267518 0.0261067 0.0250688 0.0266859 0.0287953 0.0265507 0.0276556 0.0283497 0.0280636 0.0279168 0.0273166 0.0278485 0.0276499 0.0275215 0.0286946 0.0284226 0.0303878 0.0782195 0.0733133 0.0779943 0.0787104 0.0790052 0.0770929 0.0798913 0.0949656 0.0931036 
